50 0.1 0
50 0.1 1
50 0.1 2
50 0.1 3
50 0.1 4
50 0.1 5
50 0.1 6
50 0.1 7
50 0.1 8
50 0.1 9
50 0.1 10
50 0.1 11
50 0.1 12
50 0.1 13
50 0.1 14
50 0.1 15
50 0.1 16
50 0.1 17
50 0.1 18
50 0.1 19
50 0.1 20
50 0.1 21
50 0.1 22
50 0.1 23
50 0.1 24
50 0.1 25
50 0.1 26
50 0.1 27
50 0.1 28
50 0.1 29
50 0.1 30
50 0.1 31
50 0.1 32
50 0.1 33
50 0.1 34
50 0.1 35
50 0.1 36
50 0.1 37
50 0.1 38
50 0.1 39
50 0.1 40
50 0.1 41
50 0.1 42
50 0.1 43
50 0.1 44
50 0.1 45
50 0.1 46
50 0.1 47
50 0.1 48
50 0.1 49
50 0.25 0
50 0.25 1
50 0.25 2
50 0.25 3
50 0.25 4
50 0.25 5
50 0.25 6
50 0.25 7
50 0.25 8
50 0.25 9
50 0.25 10
50 0.25 11
50 0.25 12
50 0.25 13
50 0.25 14
50 0.25 15
50 0.25 16
50 0.25 17
50 0.25 18
50 0.25 19
50 0.25 20
50 0.25 21
50 0.25 22
50 0.25 23
50 0.25 24
50 0.25 25
50 0.25 26
50 0.25 27
50 0.25 28
50 0.25 29
50 0.25 30
50 0.25 31
50 0.25 32
50 0.25 33
50 0.25 34
50 0.25 35
50 0.25 36
50 0.25 37
50 0.25 38
50 0.25 39
50 0.25 40
50 0.25 41
50 0.25 42
50 0.25 43
50 0.25 44
50 0.25 45
50 0.25 46
50 0.25 47
50 0.25 48
50 0.25 49
50 0.5 0
50 0.5 1
50 0.5 2
50 0.5 3
50 0.5 4
50 0.5 5
50 0.5 6
50 0.5 7
50 0.5 8
50 0.5 9
50 0.5 10
50 0.5 11
50 0.5 12
50 0.5 13
50 0.5 14
50 0.5 15
50 0.5 16
50 0.5 17
50 0.5 18
50 0.5 19
50 0.5 20
50 0.5 21
50 0.5 22
50 0.5 23
50 0.5 24
50 0.5 25
50 0.5 26
50 0.5 27
50 0.5 28
50 0.5 29
50 0.5 30
50 0.5 31
50 0.5 32
50 0.5 33
50 0.5 34
50 0.5 35
50 0.5 36
50 0.5 37
50 0.5 38
50 0.5 39
50 0.5 40
50 0.5 41
50 0.5 42
50 0.5 43
50 0.5 44
50 0.5 45
50 0.5 46
50 0.5 47
50 0.5 48
50 0.5 49
50 0.75 0
50 0.75 1
50 0.75 2
50 0.75 3
50 0.75 4
50 0.75 5
50 0.75 6
50 0.75 7
50 0.75 8
50 0.75 9
50 0.75 10
50 0.75 11
50 0.75 12
50 0.75 13
50 0.75 14
50 0.75 15
50 0.75 16
50 0.75 17
50 0.75 18
50 0.75 19
50 0.75 20
50 0.75 21
50 0.75 22
50 0.75 23
50 0.75 24
50 0.75 25
50 0.75 26
50 0.75 27
50 0.75 28
50 0.75 29
50 0.75 30
50 0.75 31
50 0.75 32
50 0.75 33
50 0.75 34
50 0.75 35
50 0.75 36
50 0.75 37
50 0.75 38
50 0.75 39
50 0.75 40
50 0.75 41
50 0.75 42
50 0.75 43
50 0.75 44
50 0.75 45
50 0.75 46
50 0.75 47
50 0.75 48
50 0.75 49
50 0.9 0
50 0.9 1
50 0.9 2
50 0.9 3
50 0.9 4
50 0.9 5
50 0.9 6
50 0.9 7
50 0.9 8
50 0.9 9
50 0.9 10
50 0.9 11
50 0.9 12
50 0.9 13
50 0.9 14
50 0.9 15
50 0.9 16
50 0.9 17
50 0.9 18
50 0.9 19
50 0.9 20
50 0.9 21
50 0.9 22
50 0.9 23
50 0.9 24
50 0.9 25
50 0.9 26
50 0.9 27
50 0.9 28
50 0.9 29
50 0.9 30
50 0.9 31
50 0.9 32
50 0.9 33
50 0.9 34
50 0.9 35
50 0.9 36
50 0.9 37
50 0.9 38
50 0.9 39
50 0.9 40
50 0.9 41
50 0.9 42
50 0.9 43
50 0.9 44
50 0.9 45
50 0.9 46
50 0.9 47
50 0.9 48
50 0.9 49
200 0.1 0
200 0.1 1
200 0.1 2
200 0.1 3
200 0.1 4
200 0.1 5
200 0.1 6
200 0.1 7
200 0.1 8
200 0.1 9
200 0.1 10
200 0.1 11
200 0.1 12
200 0.1 13
200 0.1 14
200 0.1 15
200 0.1 16
200 0.1 17
200 0.1 18
200 0.1 19
200 0.1 20
200 0.1 21
200 0.1 22
200 0.1 23
200 0.1 24
200 0.1 25
200 0.1 26
200 0.1 27
200 0.1 28
200 0.1 29
200 0.1 30
200 0.1 31
200 0.1 32
200 0.1 33
200 0.1 34
200 0.1 35
200 0.1 36
200 0.1 37
200 0.1 38
200 0.1 39
200 0.1 40
200 0.1 41
200 0.1 42
200 0.1 43
200 0.1 44
200 0.1 45
200 0.1 46
200 0.1 47
200 0.1 48
200 0.1 49
200 0.25 0
200 0.25 1
200 0.25 2
200 0.25 3
200 0.25 4
200 0.25 5
200 0.25 6
200 0.25 7
200 0.25 8
200 0.25 9
200 0.25 10
200 0.25 11
200 0.25 12
200 0.25 13
200 0.25 14
200 0.25 15
200 0.25 16
200 0.25 17
200 0.25 18
200 0.25 19
200 0.25 20
200 0.25 21
200 0.25 22
200 0.25 23
200 0.25 24
200 0.25 25
200 0.25 26
200 0.25 27
200 0.25 28
200 0.25 29
200 0.25 30
200 0.25 31
200 0.25 32
200 0.25 33
200 0.25 34
200 0.25 35
200 0.25 36
200 0.25 37
200 0.25 38
200 0.25 39
200 0.25 40
200 0.25 41
200 0.25 42
200 0.25 43
200 0.25 44
200 0.25 45
200 0.25 46
200 0.25 47
200 0.25 48
200 0.25 49
200 0.5 0
200 0.5 1
200 0.5 2
200 0.5 3
200 0.5 4
200 0.5 5
200 0.5 6
200 0.5 7
200 0.5 8
200 0.5 9
200 0.5 10
200 0.5 11
200 0.5 12
200 0.5 13
200 0.5 14
200 0.5 15
200 0.5 16
200 0.5 17
200 0.5 18
200 0.5 19
200 0.5 20
200 0.5 21
200 0.5 22
200 0.5 23
200 0.5 24
200 0.5 25
200 0.5 26
200 0.5 27
200 0.5 28
200 0.5 29
200 0.5 30
200 0.5 31
200 0.5 32
200 0.5 33
200 0.5 34
200 0.5 35
200 0.5 36
200 0.5 37
200 0.5 38
200 0.5 39
200 0.5 40
200 0.5 41
200 0.5 42
200 0.5 43
200 0.5 44
200 0.5 45
200 0.5 46
200 0.5 47
200 0.5 48
200 0.5 49
200 0.75 0
200 0.75 1
200 0.75 2
200 0.75 3
200 0.75 4
200 0.75 5
200 0.75 6
200 0.75 7
200 0.75 8
200 0.75 9
200 0.75 10
200 0.75 11
200 0.75 12
200 0.75 13
200 0.75 14
200 0.75 15
200 0.75 16
200 0.75 17
200 0.75 18
200 0.75 19
200 0.75 20
200 0.75 21
200 0.75 22
200 0.75 23
200 0.75 24
200 0.75 25
200 0.75 26
200 0.75 27
200 0.75 28
200 0.75 29
200 0.75 30
200 0.75 31
200 0.75 32
200 0.75 33
200 0.75 34
200 0.75 35
200 0.75 36
200 0.75 37
200 0.75 38
200 0.75 39
200 0.75 40
200 0.75 41
200 0.75 42
200 0.75 43
200 0.75 44
200 0.75 45
200 0.75 46
200 0.75 47
200 0.75 48
200 0.75 49
200 0.9 0
200 0.9 1
200 0.9 2
200 0.9 3
200 0.9 4
200 0.9 5
200 0.9 6
200 0.9 7
200 0.9 8
200 0.9 9
200 0.9 10
200 0.9 11
200 0.9 12
200 0.9 13
200 0.9 14
200 0.9 15
200 0.9 16
200 0.9 17
200 0.9 18
200 0.9 19
200 0.9 20
200 0.9 21
200 0.9 22
200 0.9 23
200 0.9 24
200 0.9 25
200 0.9 26
200 0.9 27
200 0.9 28
200 0.9 29
200 0.9 30
200 0.9 31
200 0.9 32
200 0.9 33
200 0.9 34
200 0.9 35
200 0.9 36
200 0.9 37
200 0.9 38
200 0.9 39
200 0.9 40
200 0.9 41
200 0.9 42
200 0.9 43
200 0.9 44
200 0.9 45
200 0.9 46
200 0.9 47
200 0.9 48
200 0.9 49
500 0.1 0
500 0.1 1
500 0.1 2
500 0.1 3
500 0.1 4
500 0.1 5
500 0.1 6
500 0.1 7
500 0.1 8
500 0.1 9
500 0.1 10
500 0.1 11
500 0.1 12
500 0.1 13
500 0.1 14
500 0.1 15
500 0.1 16
500 0.1 17
500 0.1 18
500 0.1 19
500 0.1 20
500 0.1 21
500 0.1 22
500 0.1 23
500 0.1 24
500 0.1 25
500 0.1 26
500 0.1 27
500 0.1 28
500 0.1 29
500 0.1 30
500 0.1 31
500 0.1 32
500 0.1 33
500 0.1 34
500 0.1 35
500 0.1 36
500 0.1 37
500 0.1 38
500 0.1 39
500 0.1 40
500 0.1 41
500 0.1 42
500 0.1 43
500 0.1 44
500 0.1 45
500 0.1 46
500 0.1 47
500 0.1 48
500 0.1 49
500 0.25 0
500 0.25 1
500 0.25 2
500 0.25 3
500 0.25 4
500 0.25 5
500 0.25 6
500 0.25 7
500 0.25 8
500 0.25 9
500 0.25 10
500 0.25 11
500 0.25 12
500 0.25 13
500 0.25 14
500 0.25 15
500 0.25 16
500 0.25 17
500 0.25 18
500 0.25 19
500 0.25 20
500 0.25 21
500 0.25 22
500 0.25 23
500 0.25 24
500 0.25 25
500 0.25 26
500 0.25 27
500 0.25 28
500 0.25 29
500 0.25 30
500 0.25 31
500 0.25 32
500 0.25 33
500 0.25 34
500 0.25 35
500 0.25 36
500 0.25 37
500 0.25 38
500 0.25 39
500 0.25 40
500 0.25 41
500 0.25 42
500 0.25 43
500 0.25 44
500 0.25 45
500 0.25 46
500 0.25 47
500 0.25 48
500 0.25 49
500 0.5 0
500 0.5 1
500 0.5 2
500 0.5 3
500 0.5 4
500 0.5 5
500 0.5 6
500 0.5 7
500 0.5 8
500 0.5 9
500 0.5 10
500 0.5 11
500 0.5 12
500 0.5 13
500 0.5 14
500 0.5 15
500 0.5 16
500 0.5 17
500 0.5 18
500 0.5 19
500 0.5 20
500 0.5 21
500 0.5 22
500 0.5 23
500 0.5 24
500 0.5 25
500 0.5 26
500 0.5 27
500 0.5 28
500 0.5 29
500 0.5 30
500 0.5 31
500 0.5 32
500 0.5 33
500 0.5 34
500 0.5 35
500 0.5 36
500 0.5 37
500 0.5 38
500 0.5 39
500 0.5 40
500 0.5 41
500 0.5 42
500 0.5 43
500 0.5 44
500 0.5 45
500 0.5 46
500 0.5 47
500 0.5 48
500 0.5 49
500 0.75 0
500 0.75 1
500 0.75 2
500 0.75 3
500 0.75 4
500 0.75 5
500 0.75 6
500 0.75 7
500 0.75 8
500 0.75 9
500 0.75 10
500 0.75 11
500 0.75 12
500 0.75 13
500 0.75 14
500 0.75 15
500 0.75 16
500 0.75 17
500 0.75 18
500 0.75 19
500 0.75 20
500 0.75 21
500 0.75 22
500 0.75 23
500 0.75 24
500 0.75 25
500 0.75 26
500 0.75 27
500 0.75 28
500 0.75 29
500 0.75 30
500 0.75 31
500 0.75 32
500 0.75 33
500 0.75 34
500 0.75 35
500 0.75 36
500 0.75 37
500 0.75 38
500 0.75 39
500 0.75 40
500 0.75 41
500 0.75 42
500 0.75 43
500 0.75 44
500 0.75 45
500 0.75 46
500 0.75 47
500 0.75 48
500 0.75 49
500 0.9 0
500 0.9 1
500 0.9 2
500 0.9 3
500 0.9 4
500 0.9 5
500 0.9 6
500 0.9 7
500 0.9 8
500 0.9 9
500 0.9 10
500 0.9 11
500 0.9 12
500 0.9 13
500 0.9 14
500 0.9 15
500 0.9 16
500 0.9 17
500 0.9 18
500 0.9 19
500 0.9 20
500 0.9 21
500 0.9 22
500 0.9 23
500 0.9 24
500 0.9 25
500 0.9 26
500 0.9 27
500 0.9 28
500 0.9 29
500 0.9 30
500 0.9 31
500 0.9 32
500 0.9 33
500 0.9 34
500 0.9 35
500 0.9 36
500 0.9 37
500 0.9 38
500 0.9 39
500 0.9 40
500 0.9 41
500 0.9 42
500 0.9 43
500 0.9 44
500 0.9 45
500 0.9 46
500 0.9 47
500 0.9 48
500 0.9 49
